2.22 1.82 26.72 14.68 132 390 205 213 1.72 5.1 5.92 2.83 3.09 58 5 52 2 82 126 44 30 156 14.3 11.8 0 209 0.46 3 2 1.5 3.6 9.7 9.7 6 12 21 0 1 3 6 0 0 0 0 0 0 0 0 0 18 42 84 50 1 3 6 0 0 0 0 0 0 0 0 0 0 0 0 0 0 5 4.91 0 1.13 18.95 8 1.01 5.75 1.08 0.02 9 5.34 5.55 0.6 19.62 27.41 0.11 0.02 48.08 51.41 0.92 5 0.87 5.49 11.05 0.08 0.07 48.72 50.19 0.68 1 0.4 6.6 5 0.04 0.03429 33.4 65.8 0.8 1 0.2 7.3 5 0.08 0.024363 42.3 57.5 0.2 2 0.2 7.5 5 0.09 0.02 43.2 56.1 0.7 1 60 64 15 14 132 104 12 15 130 100 60 16 177 10 1 4 72 46 46 82 47 50 15.79 0 0 0 32.3 25.73 9.31 4.63 4.53 76.5
1.57 3.84 18 4.69 55 260 210 199 1.25 1.93 3.26 1.16 2.1 85 5 30 1 63 107 44 32 139 0 0 2 217 0.32 2 1 2 4.6 4.6 10.5 5 5 19 2 2 2 7 0 2 2 0 0 0 0 0 0 12 24 54 27 1 1 6 0 0 0 1 0 0 0 0 0 0 0 0 0 0 2 7.22 0 1.01 9.48 8 0.87 19.05 3.51 0.9 12 5.43 20.4 0.4 18.47 37.82 0.1 0.37 43.13 56.91 0.47 2 0.79 7.58 2.52 0.17 0.06 43.67 55.69 0.13 8 0.6 8.2 5 0.46 0.05195 57.2 42.5 0.3 8 0.4 7.8 5 1.66 0.032022 59.2 40.2 0.6 8 0.2 7.9 5 0.61 0.015 57.5 41.7 0.8 0 93 94 27 1 290 34 18 27 78 33 84 53 170 0 0 0 10 5 3 10 5 3 35.24 22.54 0 0 14.12 14.16 25.66 8.98 9.01 71.92
3.54 3.12 17.28 5.54 82 567 498 440 2.48 9.05 8.67 3.69 4.98 59 5 30 1 89 132 43 27 159 10.8 12 0 264 0.45 2 3 0.67 0 3.8 3.8 0 9 9 0 0 3 3 0 0 0 1 1 6 0 0 0 12 30 30 21 0 3 0 0 0 0 0 0 0 0 0 0 0 0 0 0 0 2 7.85 0 1.62 13.69 8 0.89 30.65 3.5 0.71 61 8.76 28.97 0.9 6.55 23.25 0.13 0.26 40.75 58.41 1.28 2 1.18 8.15 6.31 0.14 0.1 41.25 57.19 1.12 2 1.3 8.1 5 0.38 0.11377 39 59 2 2 0.9 8.1 5 0.64 0.05117 40 56.1 3.9 2 0.8 7.7 5 2.48 0.013 51.9 42.4 5.7 0 118 121 25 1 259 95 13 8 116 92 108 33 232 0 0 0 6 0 0 6 0 0 36.51 30 0 0 72.44 50.6 62.77 12.84 8.93 207.58
1.91 3.94 10.66 2.71 70 398 240 274 2.13 3.98 4.67 1.88 2.79 60 6 35 2 66 121 55 47 168 0 11.4 2 115 0.24 1 0 1 3.6 3.6 6.9 2 2 9 1 1 1 3 1 4 6 0 0 0 0 0 0 6 6 30 30 1 1 3 0 0 0 0 0 0 0 0 0 0 0 0 0 0 5 7.64 0 1.37 12.64 1 0.96 23.54 4.37 0.38 19 5.39 24.02 0.5 7.24 19.09 0.12 0.21 45.61 54.31 0.38 5 1.03 7.96 5.36 0.13 0.08 46.19 53.09 0.02 5 0.7 8.1 5 0.21 0.06078 54.9 44.6 0.5 5 0.3 8.4 5 0.38 0.028193 77.3 22.3 0.4 5 0.2 8.6 5 0.82 0.011 76.7 23.1 0.2 1 31 62 17 1 128 71 41 29 141 39 86 46 171 11 6 2 30 18 23 41 24 25 0 18.43 0 0 32 25.61 9.53 4.77 14.07 85.97
2.44 3.76 14.8 3.94 155 465 392 348 2.64 4.96 6.32 2.84 3.48 79 4 45 6 64 118 54 41 159 12.6 14 2 169 0.24 0 1 0 3 3 11.1 3 5 13 1 1 2 6 0 2 2 1 1 2 0 0 0 6 12 36 70 1 1 4 1 2 3 0 0 0 0 0 0 0 0 0 0 0 5 6.9 0 1.5 27.36 1 1.43 22.53 3.02 0.02 6 7.45 21.22 0.9 30.16 50.3 0.12 0.35 33.82 63.2 3.27 5 1.1 7.3 18.64 0.16 0.09 34.18 62 3.53 5 1.1 7.7 5 0.14 0.09611 26 70.4 3.6 5 0.3 7.5 5 0.11 0.028193 34.5 64.1 1.4 5 0.1 7.4 5 0.06 0.024 40.1 58 1.9 1 62 59 5 2 262 122 4 41 167 125 58 44 227 48 48 48 40 46 48 88 94 96 35 13.31 0 0 25 21.81 34.07 8.67 8.72 98.27
0 2.42 27.9 11.53 76 456 192 0 1.45 2.11 2.11 0 0 57 6 28 11 85 106 21 38 144 5.9 6.6 1 122 0.11 3 0 3 1.6 1.6 6.5 5 5 12 1 1 1 5 0 3 4 0 0 0 0 0 0 18 18 42 11 1 1 5 0 0 0 0 0 0 0 0 0 0 0 0 0 0 5 5.02 0 0.76 10.53 1 1.22 4.69 1.38 0.16 11 3.4 5.55 0.3 15.26 27.41 0.09 0.01 35.11 62 3.18 5 0.64 5.58 3.47 0.07 0.05 35.49 60.8 3.42 5 0.5 6.8 5 0.08 0.04312 34.9 57 8.1 5 0.2 5.8 5 0.03 0.024363 37.2 54.2 8.5 5 0.2 6.3 5 0.04 0.01 16.4 43.5 40.1 0 11 0 0 0 98 35 5 14 54 45 5 14 65 4 0 0 4 0 0 8 0 0 30 22 0 0 11.05 12.17 9.89 9.56 4.81 47.48
1.13 2.92 22.7 7.77 90 312 176 180 0.87 1.27 2.61 1.02 1.56 76 3 25 7 81 120 39 29 149 3.3 4 0 107 0.3 2 0 3 1 1 1.6 2 2 2 2 2 2 2 0 3 6 0 0 0 0 0 0 12 12 18 20 2 2 3 0 0 0 0 0 0 0 0 0 0 0 0 0 0 1 4.6 0.03 0.64 8.43 2 0.84 4.38 0.87 0.02 5 5.04 4.07 0.3 12.74 19.09 0.08 0.03 42.64 57.31 0.56 1 0.56 5.2 1.57 0.07 0.05 43.16 56.09 0.24 1 0.4 4.4 5 0.03 0.03429 30.6 68.2 1.2 1 0.3 7.8 5 0.12 0.028193 54 44.9 1.1 1 0.1 8 5 0.11 0.022 73.9 25.9 0.2 0 68 42 3 0 228 34 26 21 81 60 65 23 149 5 2 4 8 9 8 13 11 12 35.24 32.83 0 0 16.9 15.9 4.78 9.18 8.7 55.47
3.88 3 12.52 4.17 99 629 409 424 1.41 4.04 7.91 2.91 5 86 5 35 1 90 118 28 41 159 27.6 0 0 121 0.25 3 1 3 4 4 5 6 9 17 2 2 2 4 0 2 5 0 0 0 0 0 0 12 24 36 35 2 2 3 0 0 0 0 0 1 0 0 0 0 0 0 0 0 2 5.54 0 1.74 111.49 4 2.03 21.23 3.54 0.05 5 5.99 21.63 1.3 29.24 66.95 0.13 0.04 55.42 44.51 0.47 2 1.26 6.06 94.51 0.08 0.1 56.19 43.29 0.13 2 1.3 6 78 0.07 0.11377 61.6 38.4 0 2 1 6.4 63 0.07 0.054999 78 21.7 0.3 2 0.8 7.2 56 0.1 0.022 73.2 26.4 0.4 2 131 95 15 3 534 53 24 34 111 90 104 46 239 13 15 13 3 4 7 16 19 20 21.56 30.72 0 0 12.36 12.18 25.06 25.08 17.25 91.93
4.3 3.1 16.02 5.17 212 933 714 490 3.15 5.39 11 5.13 5.87 50 6 55 1 90 148 58 28 176 32 10 0 901 0.92 4 1 4 0 4 4 3 7 11 0 0 1 4 0 0 0 0 0 0 0 0 1 24 48 84 32 0 1 4 0 0 0 0 0 0 0 0 0 0 0 0 0 1 2 6.9 0 1.01 12.64 2 0.83 15.11 4.58 0.38 6 3.3 17.92 0.2 6.78 25.33 0.1 0.14 57 42.81 0.56 2 0.79 7.3 5.36 0.11 0.06 57.8 41.59 0.24 2 0.6 8.1 5 0.19 0.05195 74.7 25.9 1.4 2 0.4 8.4 5 0.25 0.032022 81.8 18.2 0 11 0.1 8.5 5 0.31 0.017 81.9 17.3 0.8 1 96 105 14 0 105 133 21 13 167 124 111 27 263 89 0 0 0 2 1 89 2 1 27.13 24.12 0 0 61.56 44.28 26.2 13 17.74 162.79
2.39 3.24 14.94 4.61 167 812 403 412 1.62 5.45 6.1 2.7 3.41 59 7 40 2 74 133 59 29 162 39.1 0 7 90 0.44 1 1 1 3.4 3.4 3.4 4 4 4 1 1 4 9 0 0 0 0 0 0 0 0 0 18 36 66 13 1 4 9 0 0 0 0 0 0 0 0 0 0 0 0 0 0 2 7.43 0 1.01 10.53 2 1.46 24.37 3.1 0.38 5 7.86 23.61 0.5 7.24 17.01 0.1 0.21 45.01 55.01 0.47 2 0.79 7.77 3.47 0.13 0.06 45.59 53.79 0.13 6 0.5 8 5 0.23 0.04312 61.4 38.3 0.3 6 0.4 8.2 5 0.41 0.032022 68.4 31.3 0.3 8 0.2 8.1 5 0.83 0.016 74.1 25.6 0.3 1 95 102 1 0 215 91 15 35 140 84 115 36 235 7 0 3 1 0 0 8 0 3 15.45 47.7 0 0 24.94 21.72 47.26 44.58 22.24 160.75
2.75 3.22 20.16 6.26 103 363 315 331 0.61 3.83 6.27 2.54 3.73 84 5 40 1 57 112 55 15 127 5.6 12.3 3 296 0.16 2 1 2 0 0 6.5 0 0 10 0 0 0 4 2 5 6 0 0 0 0 0 0 0 0 18 57 0 0 3 0 0 1 0 0 0 0 0 0 0 0 0 0 0 2 5.22 0 1.62 39.98 2 1.64 13.59 3.29 0.05 5 4.13 15.04 0.7 31.3 58.63 0.13 0.01 55.42 40.01 4.54 2 1.18 5.78 30.02 0.07 0.1 56.19 38.79 5.06 5 0.5 6.9 5 0.07 0.04312 64.5 34.3 1.2 5 0.4 7.1 5 0.07 0.032022 64.5 33.9 1.6 5 0.3 7.7 5 0.12 0.02 66.9 31.7 1.4 1 64 53 21 11 409 95 34 31 159 105 67 40 212 0 0 0 0 0 0 0 0 0 23.5 19.46 0 0 12.37 13.15 18.65 4.59 4.44 53.2
1.72 4.24 11.8 2.78 135 476 397 286 1.46 5.45 4.39 1.94 2.46 57 9 40 10 72 109 37 41 150 7.2 8 0 228 0.26 3 0 3 0 1.2 8.5 1 1 1 0 0 2 7 0 0 0 2 3 3 0 0 0 0 12 42 10 0 2 7 0 0 0 0 0 0 0 0 0 0 0 0 0 0 2 7.74 0 1.62 8.43 3 1.21 24.35 4.88 0.42 17 4.99 25.43 0.7 6.09 19.09 0.13 0.3 61.16 38.31 0.83 2 1.18 8.06 1.57 0.15 0.1 62.04 37.09 0.57 2 0.6 8.3 5 0.31 0.05195 79.8 19.4 0.8 2 0.5 8.4 5 0.57 0.035852 76.9 22.7 0.4 2 0.3 8 5 2.08 0.015 85.3 14.4 0.3 1 56 78 15 1 216 101 12 25 138 78 75 39 192 11 4 4 42 95 11 53 99 15 22.06 17.76 22.06 0 120.96 80.85 20.21 8.09 21.12 251.22
2.83 3.9 11.2 2.87 88 545 417 424 1.05 6.91 7.16 2.96 4.2 62 7 45 10 57 128 71 41 169 37.1 8 0 102 0.29 2 1 2 15.4 31.6 35.3 4 8 8 1 1 3 5 0 0 0 0 0 0 0 0 1 18 42 84 15 1 3 5 0 0 0 0 0 0 0 0 0 0 0 0 0 1 2 7.43 0 1.5 8.43 3 1 31.43 5.33 0.33 8 5.9 31.44 0.4 6.32 19.09 0.12 0.25 52.94 46.21 1.19 2 1.1 7.77 1.57 0.14 0.09 53.66 44.99 1.01 2 1 8.1 5 0.25 0.08728 62.8 36.1 1.1 2 0.7 8.2 5 0.28 0.043511 53.1 46.2 0.7 8 0.2 8.4 5 0.29 0.01 31.3 68 0.7 1 115 119 2 0 401 137 18 14 169 134 135 16 284 2 0 0 2 1 0 4 1 0 14.77 56.79 0 0 60.9 43.53 47.68 13.03 4.54 169.69
0 3.08 19.46 6.32 61 481 340 0 1.47 1.37 1.37 0 0 63 4 28 3 85 129 44 30 159 0 0 1 153 0.14 1 1 1 3 6.3 11.5 6 15 24 1 1 4 7 0 0 0 0 0 0 0 0 0 18 36 54 8 1 4 7 0 0 0 0 0 0 0 0 0 0 0 0 0 0 2 7.53 0 0.76 13.69 6 1.17 26.94 5.48 0.75 31 4.91 28.97 0.7 6.32 35.74 0.09 0.3 50.07 50.11 0.29 2 0.64 7.87 6.31 0.15 0.05 50.73 48.89 0.09 6 0.4 8.1 9 0.26 0.03429 62.7 36.5 0.8 6 0.3 8 7 0.39 0.028193 75.1 24.2 0.7 11 0.2 7.7 11 2.09 0.017 76.5 22.9 0.6 1 24 27 0 0 164 48 11 43 102 45 38 43 126 4 0 0 3 0 0 7 0 0 35.24 32.77 0 0 63.11 44.76 20.08 20.86 18.46 167.26
0 3.56 12.4 3.48 88 641 379 0 0.64 1.84 1.84 0 0 63 7 31 1 58 112 54 28 140 0 0 1 121 0.13 2 1 2 7.8 10.4 10.4 5 8 8 3 2 3 3 0 0 0 0 0 0 0 0 0 12 18 18 3 2 3 3 0 0 0 0 0 0 0 0 0 0 0 0 0 0 5 7.01 0 1.01 55.75 3 1.35 15.91 2.41 0.29 32 6.61 15.7 0.9 17.55 46.14 0.1 0.37 45.01 51.81 3.36 5 0.79 7.39 44.25 0.17 0.06 45.59 50.59 3.64 5 0.6 8.2 8 0.32 0.05195 57.9 42 0.1 2 0.4 8.3 15 0.71 0.032022 53.4 46.5 0.1 2 0.4 8.1 22 1.14 0.011 65.2 33.6 1.2 1 32 35 0 0 237 58 0 40 97 55 34 40 129 50 0 0 0 0 0 50 0 0 16.95 16 0 0 65.43 47.26 23.95 4.87 28.82 170.33
2.28 2.48 20.88 8.42 132 707 330 350 2.55 6.24 6.1 2.83 3.27 57 4 37 10 84 127 43 35 162 10.8 12 2 269 0.29 3 0 3 0 0 0 1 1 10 0 0 0 2 1 4 7 0 0 0 0 0 0 12 12 24 22 0 0 2 0 0 0 0 0 0 0 0 0 0 0 0 0 0 5 4.6 0.08 1.25 16.84 5 0.45 4.6 3.46 0.45 15 1.33 7.94 0.5 15.03 69.03 0.11 0.09 51.95 47.41 1.01 5 0.95 5.2 9.16 0.09 0.08 52.65 46.19 0.79 5 0.3 6 5 0.11 0.02546 60.9 38.1 1 5 0.2 7.1 5 0.28 0.024363 65 34.3 0.6 5 0.3 4.4 5 0.56 0.02 70.4 29.3 0.3 1 45 42 3 3 155 88 22 30 139 90 60 30 181 16 4 0 4 3 0 20 7 0 27.13 0 0 0 52.93 39.36 14.12 4.7 13.7 124.8
1.26 3.82 9.44 2.47 57 221 179 182 0.33 1.31 2.67 0.89 1.78 94 4 40 5 77 106 29 34 140 5 11 1 310 0.19 4 1 4 0 4.8 8.6 1 7 10 0 0 2 4 0 0 0 1 1 3 0 0 0 12 36 60 29 0 2 4 0 0 0 0 0 0 0 0 0 0 0 0 0 0 5 5.54 0 0.88 8.43 5 0.43 6.81 3.81 0.36 10 1.79 9.92 0.3 7.47 37.82 0.1 0.04 45.11 53.01 2.09 5 0.72 6.06 1.57 0.08 0.06 45.69 51.79 2.11 5 0.6 5.7 5 0.07 0.05195 65.2 25.4 9.4 5 0.3 6.1 5 0.11 0.028193 72.8 26.4 0.8 5 0.4 4.9 5 0.39 0.015 73.8 25.9 0.3 0 58 41 9 2 313 71 2 38 111 88 34 44 166 0 0 0 0 0 0 0 0 0 34.94 24.5 0 0 9.72 10.82 13.38 4.47 4.18 42.57
1.96 3.52 18.56 5.27 148 787 338 284 1.82 4.29 5.34 2.56 2.78 57 7 60 12 71 141 70 29 170 5 11 0 269 0.84 1 2 0.5 1.8 6.9 14.9 2 6 11 0 1 2 5 0 0 0 0 0 0 0 1 1 18 44 86 71 1 1 2 0 1 1 0 0 2 0 1 1 0 0 0 0 0 5 4.7 0.01 0.76 8.43 7 0.78 4.58 0.83 0.02 5 5.51 4.15 0.7 15.95 31.58 0.09 0.03 55.71 43.11 1.55 5 0.64 5.3 1.57 0.07 0.05 56.49 41.89 1.45 1 0.3 6.2 5 0.03 0.02546 56.6 41.3 2.2 1 0.2 5.4 5 0.06 0.024363 59.9 36.5 3.6 1 0.2 7.2 5 0.04 0.013 63.8 33.5 2.7 1 98 104 10 0 118 145 16 18 179 140 110 27 277 160 48 8 1 0 3 161 48 11 32.83 14.06 0 0 13.67 13.8 44.07 9.61 9.52 90.66
2.15 2.62 17.08 6.52 110 338 256 286 1.01 4.61 6.42 3.41 3.02 38 5 45 1 77 141 64 39 180 19.2 6 0 235 0.43 2 1 2 0 1.4 2.4 2 10 20 0 1 3 7 1 1 1 0 0 0 0 1 1 12 32 68 61 0 0 3 0 0 1 1 1 1 0 0 0 0 0 1 0 1 7 7.74 0 1.62 14.74 6 1 31.24 4.13 0.5 11 7.57 30.04 0.6 6.09 10.76 0.13 0.23 72.06 27.32 0.83 7 1.18 8.06 7.26 0.13 0.1 73.14 26.08 0.57 2 1.1 8.1 5 0.25 0.09611 79 20.8 0.2 2 0.5 8.3 5 0.68 0.035852 82 17.5 0.5 2 0.5 7.6 5 2.39 0.014 77.6 21.8 0.6 1 79 114 30 2 183 196 34 31 260 160 118 58 336 21 4 5 11 2 0 32 6 5 18.63 30.4 0 0 38.29 29.54 13.04 8.54 8.66 98.06
4.41 2.28 25.92 11.37 160 664 367 422 2.83 10.07 13.31 7.14 6.17 40 8 40 1 89 159 70 34 193 8 6.6 0 264 0.33 4 1 4 4.9 4.9 4.9 3 3 17 0 1 1 5 0 3 3 0 0 0 0 0 1 18 18 48 61 0 1 4 0 1 2 1 0 0 0 0 0 0 0 0 1 1 2 4.81 0 1.01 10 5 0.84 4.78 0.99 0.02 5 4.81 4.56 0.2 15 37 0.1 0.05 31.9 67 1.1 2 0.79 5.39 8 0.07 0.06 36.3 56.3 7.5 2 0.3 6.2 5 0.03 0.02546 35.4 50.9 13.7 8 0.3 7.6 6 0.13 0.028193 39.7 49.1 11.2 8 0.2 6.7 7 0.06 0.02 46.3 42.3 11.4 1 93 89 15 30 284 275 26 43 343 279 99 28 406 3 1 1 20 10 14 23 11 15 15.12 34.33 0 0 22.22 19.74 36.49 8.07 8.21 94.73
3.37 2.26 23.52 10.41 96 314 245 248 1.4 4.05 7.2 2.68 4.52 62 6 45 2 93 135 42 49 184 9 10 0 183 0.5 0 1 0 2.4 2.4 3.9 3 3 5 1 1 1 3 0 2 5 0 0 0 1 1 1 12 12 24 91 1 1 3 0 0 0 0 0 0 0 0 0 1 1 1 0 0 5 5.85 0 1.13 9.48 7 1.87 11.96 2.02 0.02 5 5.93 12.23 0.6 17.78 29.49 0.11 0.02 64.03 30.92 5.35 5 0.87 6.35 2.52 0.08 0.07 64.97 29.69 6.05 1 0.4 6.4 5 0.05 0.03429 67.9 26 6.1 1 0.3 6.7 5 0.04 0.028193 73.2 23.4 3.4 1 0.2 6.9 5 0.04 0.026 80.6 17.8 1.5 2 76 69 21 2 151 143 70 32 245 150 117 52 319 0 17 9 4 10 4 4 27 13 24.43 13.81 0 24.95 21.83 18.91 27.06 17.88 8.57 94.25
1.58 2.96 15.14 5.11 74 334 269 289 1.14 3.32 4.42 2.1 2.32 79 5 46 8 79 119 40 33 152 5.9 6.6 0 282 0.35 2 1 2 0 0 3 0 0 3 0 0 0 2 1 4 6 0 0 0 0 0 0 12 12 24 40 0 0 1 0 0 0 0 0 1 0 0 0 0 0 0 0 0 5 4.7 0 0.88 9.48 5 1.08 5.61 1.28 0.02 5 4.37 5.72 0.7 21.45 37.82 0.1 0.06 54.72 45.41 0.29 5 0.72 5.3 2.52 0.07 0.06 55.48 44.19 0.09 5 0.4 5.3 5 0.03 0.03429 55.6 44.3 0.1 5 0.3 8 5 0.14 0.028193 64.9 34.8 0.2 5 0.3 6.8 5 0.04 0.01 69.4 30.5 0.1 1 70 38 3 1 200 47 16 44 107 80 51 45 175 5 7 4 4 1 1 9 8 5 15.68 20.09 0 0 13.45 13.47 32.37 13.74 9.08 82.1
0 3.2 18.5 5.78 76 485 227 0 1.02 1.48 1.48 0 0 55 7 36 13 85 126 41 41 167 3 6.6 0 145 0.19 1 0 1 6.4 6.4 10.7 2 2 9 0 1 1 4 0 0 0 0 0 0 0 0 0 6 6 24 10 1 1 4 0 0 0 0 0 0 0 0 0 0 0 0 0 0 5 5.85 0 0.76 20 6 2.07 7.97 1.63 0.05 5 4.88 8.85 0.7 19.39 29.49 0.09 0.04 55.71 43.01 1.55 5 0.64 6.35 12 0.08 0.05 56.49 41.79 1.45 5 0.5 5.6 5 0.04 0.04312 61.2 37.7 1.1 5 0.1 7 5 0.04 0.020534 43.9 56 0.1 5 0.1 8 5 0.15 0.01 45.9 54 0.1 0 23 2 0 0 120 28 12 89 128 49 14 89 151 3 0 0 8 0 0 11 0 0 25 14 0 0 22.94 19.78 14.3 9.5 9.4 75.93
2.41 2 19.76 9.88 92 371 315 277 2.24 5.54 7.39 3.72 3.67 41 6 45 2 74 110 36 60 170 12.6 14 1 118 0.45 1 1 1 3.8 7.7 13.8 1 1 1 1 1 2 5 1 3 3 0 0 0 0 0 0 6 12 54 40 1 1 3 0 0 0 0 1 2 0 0 0 0 0 0 0 0 5 5.02 0 0.76 11.59 6 0.62 4.96 1.52 0.12 5 3.27 5.39 0.6 13.89 35.74 0.09 0.02 50.46 48.51 1.37 5 0.64 5.58 4.41 0.08 0.05 51.14 47.29 1.23 5 0.3 7.1 5 0.07 0.02546 60 38.8 1.2 5 0.2 8.1 5 0.18 0.024363 58.8 40.5 0.7 5 0.3 8.6 5 0.34 0.012 67 28.8 4.2 2 73 88 28 0 160 190 35 23 248 175 95 51 320 142 2 0 36 0 0 178 2 0 25.99 15.45 0 0 29.27 24.19 30.83 17.88 13.16 115.33
1.71 3.36 20.98 6.24 126 843 309 322 1.18 2.82 4.11 1.74 2.36 89 6 30 5 67 103 36 42 145 4 3.3 0 120 0.38 2 3 0.67 1.1 4.7 4.7 5 13 22 0 1 2 7 0 0 0 0 0 0 1 3 3 12 30 60 20 1 2 7 0 0 0 0 0 0 1 3 3 0 0 0 0 0 6 6.38 0 0.88 27 5 0.87 16.35 6.4 0.6 9 2.55 21.55 0.3 10 58 0.1 0.13 66.81 32.31 1.1 6 0.72 6.82 12 0.1 0.06 67.79 31.09 0.9 5 0.3 8.2 5 0.27 0.02546 64.2 33.1 2.7 8 0.2 7.6 5 1.16 0.024363 63.8 32.9 3.2 8 0.2 7.9 5 0.52 0.015 63.8 30.5 5.5 0 118 105 15 1 308 33 22 35 89 45 111 50 206 2 0 0 0 0 0 2 0 0 33.9 18.43 0 0 22.32 19.92 55.99 21.79 17.33 137.34
2.17 4.31 11.4 2.65 103 268 235 183 0.67 4.43 5.12 2.22 2.91 42 4 30 2 77 141 64 55 196 13.5 15 0 102 0.21 3 1 3 1.6 7.7 21 6 12 24 1 1 3 7 0 0 0 0 0 0 0 0 0 18 42 78 50 1 3 7 0 0 0 0 0 0 0 0 0 0 0 0 0 0 5 5.2 0 0.6 16 4 1.4 5.3 1.3 0.05 8 4.1 8.1 0.2 10 24 0.12 0.03 77.39 30.15 2.46 5 0.7 6.9 10 0.03 0.06 71.14 28.48 0.38 1 0.4 7.1 8 0.04 0.059 79.12 20.55 0.33 1 0.4 7.1 6 0.05 0.06 77.59 22.04 0.37 1 0.2 7.4 5 0.06 0.06 67.38 32.38 0.24 0 39 26 12 31 184 45 90 101 236 57 105 82 244 7 3 4 52 57 36 59 61 40 29.13 16.54 0 0 9.24 7.04 13.29 8.75 8.65 46.98
2.25 4.4 8.47 1.92 77 245 232 208 1.21 3.61 4.54 1.53 3.01 94 5 29 1 66 113 47 33 146 0 0 1 194 0.84 2 0 2 4.2 4.2 8.6 5 9 9 3 2 3 7 0 1 2 0 0 0 0 0 0 12 30 54 30 1 3 6 0 0 0 1 1 1 0 0 0 0 0 0 0 0 5 7.1 0 0.8 10 2 0.7 15.8 4 1.11 19 4 21.7 0.5 10 27 0.12 0.14 80.43 19.51 0.6 6 0.9 7.8 5 0.19 0.13 70.2 29 0.8 6 0.7 8.1 5 0.33 0.11 77.3 22.5 0.2 6 0.4 7.9 5 1.53 0.07 74.3 25.3 0.3 5 0.2 8 5 1.32 0.05 73.6 26 0.4 2 98 88 37 15 116 97 24 71 192 106 76 93 274 10 4 2 60 22 2 70 22 4 21.39 30.13 0 4.44 19.23 32.15 38.53 17.85 31.23 138.99
2.39 3.15 12.43 3.94 72 295 276 247 1.48 5.44 6.53 3.08 3.44 36 7 40 3 97 140 43 56 196 14.4 16 0 244 0.15 0 5 0 3 5.2 6.8 3 6 9 0 1 3 4 0 0 0 0 0 4 0 0 0 18 42 48 22 1 3 4 0 0 0 0 0 0 0 0 0 0 0 0 0 0 3 7.5 0 1.1 14 7 0.7 36.9 3.8 0.35 7 9.7 41.8 0.7 4 16 0.19 0.16 70.4 28.7 0.9 3 1.1 7.8 7 0.18 0.08 65.72 33.38 0.9 9 0.9 8 5 0.3 0.069 73.6 25.8 0.5 4 0.9 7.8 5 2.4 0.041 71.1 27.1 1.8 8 0.5 7.7 5 3.11 0.03 70.8 27.8 1.4 1 38 72 19 45 249 108 19 87 214 74 72 61 207 0 0 0 24 15 7 24 25 7 38.65 21.56 0 0 35.49 19.9 17.28 8.84 8.97 90.49
2.91 3.73 11.67 3.13 110 310 295 268 2.01 3.59 5.95 2.18 3.77 111 5 33 1 73 100 27 40 140 0 0 0 218 0.25 3 1 3 4 7 7 5 12 12 1 1 4 4 0 0 0 0 0 5 1 1 1 12 30 30 32 1 3 3 0 1 1 0 0 0 1 1 1 0 0 0 0 0 5 7.8 0 1.2 11 1 1 21.8 3.3 0.18 16 6.6 26.3 0.5 5 13 0.15 0.13 73.6 25.8 0.7 8 0.9 7.9 7 0.14 0.13 65.6 33.3 1.2 8 0.4 8.2 5 0.21 0.079 81.2 18.7 0.1 5 0.4 8.5 5 0.39 0.06 82.2 17.5 0.3 10 0.4 8.6 5 0.66 0.05 84.2 15.7 0.1 0 75 69 21 3 299 86 78 62 226 92 126 79 297 0 1 0 2 14 1 2 15 1 19 20.27 0 0 35.11 24.34 34.5 21.99 13.31 129.25
5.13 2.49 22.67 9.1 156 537 380 376 2.21 7.53 12.65 6.03 6.62 54 4 40 14 98 158 60 40 198 9.7 8.9 0 176 0.24 3 0 3 1.9 1.9 4.9 3 3 6 0 0 0 1 0 2 6 0 0 0 2 3 3 6 6 12 72 0 0 1 0 0 0 0 0 0 0 0 0 1 1 1 0 0 5 5.3 0 0.9 13 5 1.2 7.7 4.3 0.15 11 1.8 13.4 0.4 28 104 0.18 0.06 62.3 33.9 3.8 5 0.9 6 7 0.08 0.16 63.4 33.1 3.5 1 0.6 6.7 6 0.08 0.096 80.6 17.9 1.5 1 0.4 7.6 5 0.21 0.078 77.3 19.9 2.8 1 0.2 7.4 6 0.14 0.059 70.1 24 5.9 1 64 62 51 25 262 113 68 110 291 115 79 136 330 3 3 0 101 67 10 104 70 10 30.79 8.33 0 6.8 38.49 39.16 67.26 21.31 8.44 174.67
3.32 2.99 17.95 6.01 87 346 372 395 1.2 7.21 8.53 3.99 4.54 42 7 48 10 83 148 65 50 198 27.6 0 0 106 0.31 3 0 3 8.2 14.4 18.2 6 12 18 3 2 3 4 0 1 4 0 0 1 0 0 0 12 30 36 36 2 3 3 0 0 0 0 0 1 0 0 0 0 0 0 0 0 2 5.4 0 1.3 77 4 1.5 17.4 4 0.05 7 4.4 22.9 1.3 23 51 0.17 0.09 76.6 23.2 0.2 2 1.2 5.5 87 0.08 0.12 83.1 16.8 0.1 2 0.8 6.2 49 0.05 0.092 85.6 14.3 0.1 2 0.7 7.4 45 0.12 0.07 83.6 16.2 0.2 5 0.5 7.7 44 0.13 0.049 72.4 26.9 0.7 1 58 40 8 29 186 56 135 102 293 74 168 81 322 30 27 16 18 8 18 48 35 34 34.57 22.54 0 0 60.2 35.6 22.03 8.93 9.52 136.27
3.65 3.48 13.24 3.8 54 413 407 428 1.79 8.96 9.85 4.97 4.88 34 8 28 10 86 150 64 53 203 6.3 7 1 127 0.34 3 0 3 2.2 4.7 7.2 6 13 20 0 1 4 6 0 0 0 0 0 0 1 1 2 12 30 72 25 1 2 3 0 2 3 0 0 0 1 1 1 0 0 0 0 1 4 7.5 0 0.7 14 4 0.8 18.4 3.3 0.27 11 3.4 32.5 0.6 3 11 0.12 0.13 61.3 38.6 0.2 4 0.6 7.7 5 0.15 0.08 66.5 33.2 0.4 4 0.5 8.6 5 0.2 0.05 68.4 30.6 1 8 0.5 8.2 5 0.28 0.051 79 19.7 1.3 8 0.3 8.1 5 0.81 0.02 79.3 20.1 0.7 2 91 74 17 103 267 36 61 188 285 53 118 102 273 0 0 0 0 0 0 0 0 0 19.82 22.14 0 0 61 30.54 41.66 33.64 13.26 180.1
1.84 3.02 32.67 10.8 96 319 216 222 1.38 2.47 4.09 1.5 2.59 113 10 55 1 60 107 47 36 143 8.1 9 0 197 0.21 2 0 2 3.4 7.4 14.5 4 11 18 1 1 2 4 0 0 0 0 0 0 0 0 1 18 48 90 30 1 2 4 0 0 0 0 0 0 0 0 0 0 0 0 0 1 5 7.6 0 0.9 12 2 0.8 16.3 4.4 0.7 20 5.6 22.8 0.9 8 17 0.14 0.14 66.4 32.7 0.9 5 0.7 7.7 7 0.12 0.12 75.3 23.4 1.3 2 0.4 7.9 5 0.18 0.07 69.4 29.4 1.2 8 0.6 8.1 5 0.3 0.03 81.1 18.3 0.7 10 0.3 8 5 1.24 0.03 83.6 16.3 0.1 0 74 61 32 108 345 90 103 172 365 103 132 96 331 0 0 0 19 39 0 19 39 0 29.33 9.28 0 0 15.21 9.08 21.99 13.27 13.17 72.72
4.51 2.57 20.83 8.12 138 616 431 412 2.3 6.63 9.43 3.56 5.87 93 8 40 1 81 124 43 36 160 8 10 3 136 0.41 3 1 3 2.5 2.5 6.5 5 0 12 1 1 1 4 1 4 6 0 0 0 0 0 0 6 6 24 58 1 1 3 0 0 1 0 0 0 0 0 0 0 0 0 0 0 5 5.3 0 1.9 42 2 2.1 17.1 4.1 0.06 24 5.3 8.5 1 48 70 0.3 0.15 51.84 43.78 4.38 5 1.6 5.6 33 0.09 0.28 58 39 2.9 5 1.2 6.2 13 0.06 0.161 62.2 33.3 4.4 5 0.4 6.8 5 0.06 0.079 53.8 26.5 19.7 5 0.4 6.5 6 0.05 0.1 66.5 21.7 11.8 1 46 26 16 13 110 99 58 99 256 119 69 101 288 17 0 0 1 0 0 18 0 0 26.06 12.38 0 0 116.85 60.54 29.87 12.57 16.79 236.62
2.86 2.66 22.24 8.35 112 258 487 282 0.8 4.74 6.44 2.63 3.81 33 10 40 10 87 151 64 59 210 0 0 0 139 0.16 3 0 3 0 0 0 0 0 0 0 0 0 0 0 0 0 2 5 10 0 0 0 0 0 0 0 0 0 0 0 0 0 0 0 0 0 0 0 0 0 0 0 0 1 5.5 0 0.7 10 4 1.5 5.8 1.1 0.05 8 5 29.7 0.4 20 44 0.14 0.08 49.3 50.4 0.4 1 0.6 5.7 8 0.04 0.07 54.6 45 0.4 1 0.3 6.6 9 0.05 0.06 56.3 43.4 0.3 1 0.3 7.1 9 0.06 0.049 64.5 35.2 0.3 1 0.2 6.8 15 0.04 0.05 63.9 35.8 0.3 1 41 24 5 48 260 33 92 166 291 50 111 123 284 16 1 2 0 7 2 16 8 5 29.73 22.46 0 9.28 60.07 22.56 43.83 32.66 17.98 177.11
2.79 3.29 18.42 5.6 59 459 496 450 3.13 8.64 9.63 5.52 4.1 38 8 30 3 94 137 43 48 185 0 0 2 141 0.69 3 0 3 3 5.1 11.5 4 13 24 2 2 4 8 0 0 0 0 0 1 0 0 0 12 36 60 9 2 4 8 0 0 0 0 0 0 0 0 0 0 0 0 0 0 4 6.8 0 0.5 21 4 1.2 23.5 7 0.75 22 4.2 23.4 0.8 5 23 0.08 0.14 69.9 30.1 0 4 0.8 7.3 18 0.16 0.07 47.1 52.9 0 4 0.5 7.9 15 0.22 0.049 78 21.4 0.5 4 0.5 8 14 0.41 0.029 85.6 13.6 0.8 4 0.3 8 16 0.84 0.02 84.1 15.7 0.2 0 127 119 66 1 184 106 0 27 133 114 53 92 259 0 0 0 0 0 0 0 0 0 35.24 32.77 0 0 71.43 44.11 65.8 41.66 48.29 271.29
3.12 3.92 14.6 3.72 67 436 378 374 1 8.43 9.52 4.8 4.72 33 8 34 3 63 127 64 63 190 0 0 3 82 0.49 1 0 1 4.2 13.1 15.6 5 14 16 0 1 3 4 0 0 4 0 0 0 1 2 2 12 30 36 27 1 3 4 0 0 0 0 0 0 1 2 2 0 0 0 0 0 2 5.9 0 0.8 80 2 1.6 10.1 1.8 0.05 5 5.6 13.5 1.4 23 25 0.14 0.06 50.9 49 0.1 1 0.6 6.2 68 0.05 0.08 56.1 43.7 0.1 5 0.3 7 38 0.1 0.061 56.4 43.5 0.1 1 0.4 7.6 25 0.11 0.05 59.6 40 0.4 1 0.3 7.8 23 0.1 0.031 50.4 48.5 1.1 1 44 29 17 9 88 34 93 92 219 48 105 101 254 16 2 0 1 3 0 17 5 0 16.95 16 0 0 38.84 15.02 28.23 13.99 9.52 105.6
2.72 3.13 23.83 7.61 117 311 352 375 1.52 7.28 6.82 2.98 3.84 31 4 35 10 88 152 64 50 202 13 14.4 1 153 0.1 3 0 3 0 0 5.5 3 3 3 0 0 0 2 1 4 7 0 0 0 0 0 0 12 12 24 52 0 0 2 0 0 0 0 0 0 0 0 0 0 0 0 0 0 5 4.9 0.06 0.6 8 4 0.7 2.8 2.6 0.7 27 1.1 6.9 0.2 22 72 0.08 0.06 51.8 47 1.2 5 0.6 5.3 6 0.04 0.04 51.9 46.8 1.3 5 0.6 6.4 5 0.11 0.029 57.1 42 0.9 5 0.2 7.9 5 0.46 0.04 65.5 32.6 1.9 2 0.2 8.1 5 0.66 0.02 63.4 31.6 5 1 32 26 12 41 324 54 94 115 263 59 109 85 253 25 20 0 6 5 6 30 25 6 52.06 4.55 0 0 20.1 4.96 14.37 9.42 9.24 58.1
2.12 2.34 33.06 14.11 115 411 291 290 0.8 4.2 4.91 2.08 2.82 31 4 45 5 76 139 63 67 206 5 11 1 97 0.13 3 0 3 0.6 3 9.2 4 8 13 1 1 2 5 0 0 0 0 1 2 0 0 0 18 30 60 30 1 2 5 0 0 0 0 0 0 0 0 0 0 0 0 0 0 5 4.8 0.06 0.8 10 5 0.4 2.7 1.7 0.2 9 1.6 5.1 0.8 9 33 0.05 0.03 56.29 30.23 13.48 5 0.6 5.3 7 0.05 0.05 55.34 29.18 15.48 5 0.3 6.1 5 0.08 0.02 68.09 24.15 7.76 5 0.3 6.8 5 0.09 0.03 71.91 22.22 5.87 2 0.3 6.7 5 0.12 0.029 74.41 22.32 4.27 0 27 19 4 38 202 26 75 181 282 34 91 147 271 1 0 0 0 0 0 1 0 0 45.17 14.06 0 0 19.14 14.26 27.64 9.1 8.62 78.76
2.41 3.34 13.26 3.97 130 546 374 327 2.94 6.46 7.16 3.91 3.25 32 6 50 12 87 151 64 59 210 6 9 0 243 0.17 2 2 1 1.4 5.7 7 0 0 0 0 1 2 4 0 0 0 0 0 3 0 1 1 18 42 54 72 1 2 4 0 0 0 0 0 0 0 1 1 0 0 0 0 0 1 6.5 0 0.2 5 4 1 4.1 3.9 0.81 10 1.1 9.8 0.2 3 50 0.03 0.06 53.6 43.9 2.5 1 0.4 5.5 5 0.03 0.03 52.1 45.1 2.8 1 0.7 5 10 0.05 0.088 59.6 37.1 3.3 1 0.2 7 5 0.08 0.029 67.9 28.4 3.7 1 0.2 7.6 5 0.11 0.02 80.7 19 0.4 1 36 18 11 31 211 56 116 152 324 74 123 132 329 1 1 0 18 23 0 19 24 0 34.51 12.66 0 8.33 9.99 10.09 77.44 13.96 9.06 120.53
4.68 4.19 11.21 2.67 55 291 345 368 0.87 8.02 10.68 4.61 6.07 46 15 25 1 87 144 57 50 194 0 0 1 502 0.12 0 6 0 3.5 7.9 20.1 3 10 20 0 1 3 5 0 0 0 0 0 0 0 0 1 18 42 84 24 1 3 5 0 0 0 0 0 0 0 0 0 0 0 0 0 1 2 7.7 0 0.7 17 3 1 33.9 5.2 0.87 5 6.5 41 0.8 3 23 0.09 0.14 74.9 24.5 0.5 2 0.7 7.8 9 0.16 0.07 74.1 25.5 0.4 2 0.5 7.9 7 0.23 0.051 74.8 24.7 0.4 2 0.6 8 8 0.58 0.049 82.2 17.6 0.3 5 0.4 7.9 10 1.8 0.04 80.4 19.4 0.1 0 86 116 41 3 724 110 53 128 291 80 128 166 374 0 0 0 0 0 0 0 0 0 43.45 20.27 0 0 31.55 15.64 29.12 21.24 13.78 111.34
3.19 3.25 9.61 2.96 63 392 362 372 2.71 8.87 9.64 4.86 4.78 38 15 25 10 95 152 57 42 194 0 0 0 494 0.15 0 8 0 2.6 8.2 16.8 0 15 20 0 1 3 5 0 0 0 0 0 0 0 0 1 18 40 84 12 1 3 5 0 0 0 0 0 0 0 0 0 0 0 0 0 1 2 6.7 0 0.9 19 4 1.2 24.3 5.4 0.51 9 4.5 31.4 0.7 7 26 0.14 0.12 71.3 28.3 0.4 2 1 7.4 21 0.16 0.11 74.5 25.1 0.4 2 0.6 7.9 14 0.25 0.069 77.2 22.5 0.3 2 0.5 8.1 16 0.34 0.05 87.1 12.8 0.1 2 0.3 8.2 15 0.76 0.029 83.4 16.4 0.2 0 107 127 14 18 712 122 53 105 280 101 166 101 369 2 2 0 56 18 3 58 20 3 46.26 10.3 0 0 54.68 33.61 24.67 36.83 25.62 175.43
2.14 4.17 12.7 3.04 119 301 293 256 2.78 4.14 8.61 4.68 3.93 70 8 35 1 65 116 51 44 160 5.6 5.1 0 161 0.22 3 0 3 4 4 14 4 4 11 2 2 2 5 0 0 0 0 3 5 0 0 0 12 12 36 92 0 0 1 2 2 4 0 0 1 0 0 0 0 0 0 0 0 2 7.8 0 1 7 2 0.6 20.5 3.7 0.59 20 5.5 25.4 0.4 4 9 0.17 0.15 70.7 25.5 3.8 2 0.9 7.8 5 0.14 0.14 72.5 26.2 1.4 6 0.9 8 5 0.24 0.12 75 23.2 1.8 2 0.6 8.2 5 0.61 0.08 72.2 25.5 2.3 5 0.3 8.2 5 1.02 0.04 78.2 20.8 1.1 1 49 78 17 20 226 73 32 126 231 44 93 123 260 0 0 5 185 325 172 162 325 177 12.25 26.49 0 0 45.24 22.54 21.23 8.65 8.99 106.65
3.55 2.08 26.53 12.75 138 805 494 489 2.34 8.23 9.82 5.12 4.7 33 5 42 4 102 168 66 52 220 9.7 8.9 0 246 0.2 3 0 3 2.5 2.5 9.9 5 5 5 2 2 2 5 0 3 5 0 0 0 0 0 0 12 12 30 62 1 1 3 1 1 2 0 0 0 0 0 0 0 0 0 0 0 2 5.4 0 0.9 10 5 0.6 2.9 0.8 0.05 5 3.6 4.4 0.2 15 37 0.1 0.04 31.9 67 1.1 2 0.7 5.6 8 0.04 0.03 36.3 56.3 7.5 2 0.3 6.2 5 0.03 0.039 35.4 50.9 13.7 8 0.3 7.6 6 0.13 0.02 39.7 49.1 11.2 8 0.2 6.7 7 0.06 0.02 46.3 42.3 11.4 1 81 79 32 76 411 94 64 120 278 96 110 76 282 4 8 0 60 54 0 64 62 0 6.55 15.12 0 0 31.68 15.72 12.88 8.38 8.35 77.01
5.69 2.78 20.92 7.51 86 484 432 366 3.05 12.08 13.38 6.04 7.34 49 5 60 1 103 149 46 58 207 10.4 9.5 2 232 0.13 2 4 0.5 0 0 0 0 0 4 0 0 0 3 2 5 6 0 0 0 0 0 1 0 0 24 72 0 0 3 0 0 0 0 0 0 0 0 0 0 1 3 1 3 2 5 0 0.5 20 4 2.1 5.6 1.1 0.21 7 5.1 9 0.4 38 61 0.14 0.09 44.4 43.3 12.3 5 0.4 5.7 9 0.04 0.1 39.9 42.2 17.9 5 0.4 6.1 9 0.05 0.08 52.9 36.1 11 1 0.2 6.6 11 0.04 0.069 57 32.8 10.2 1 0.3 7 6 0.06 0.059 57.6 36.5 5.9 1 53 56 30 36 400 94 54 198 346 91 80 192 363 23 1 0 4 3 7 27 5 8 48.85 4.55 0 9.28 82.64 26.75 78.25 39.96 21.82 249.42
4.93 3.34 6.81 2.04 73 496 283 327 1.75 9 11.23 4.8 6.43 55 4 37 2 83 134 51 53 187 27.5 9.9 0 287 0.08 4 1 4 0 1.9 6.7 0 3 9 0 0 0 0 0 0 0 1 3 6 0 1 3 12 12 36 65 0 0 0 0 0 0 0 0 0 0 0 0 0 0 0 1 3 1 6.4 0 0.7 15 3 0.8 7.9 2.2 0.07 22 3.6 11 1 11 12 0.1 0.88 65.01 34.48 0.51 1 1 6.3 11 0.1 0.04 60.4 39.3 0.3 1 0.5 6.5 6 0.09 0.04 66.1 33.7 0.2 1 0.3 7.1 5 0.12 0.031 71.8 28.1 0.1 1 0.2 6.9 5 0.09 0.041 77.3 22.6 0.1 1 48 52 7 21 571 89 64 278 431 86 109 264 458 117 129 39 0 0 0 118 129 39 37.41 4.66 0 16.43 29.95 25.78 32.26 18.18 17.39 123.58
2.41 4.74 7.47 1.58 107 389 333 319 1.58 3.89 5.55 2.37 3.18 70 7.5 45 5 61 117 56 57 174 35.2 11 0 109 0.67 3 1 3 5.8 9.7 15.8 5 8 17 1 2 3 6 0 1 3 0 0 0 0 0 0 12 18 48 40 2 2 4 0 0 0 0 1 2 0 0 0 0 0 0 0 0 5 5.1 0 0.5 10 2 0.2 1.8 0.4 0.05 11 4.5 2.5 0.7 6 11 0.12 0.03 27.3 70.9 1.9 5 0.4 6.1 6 0.04 0.06 29 69.4 1.5 5 0.4 5.7 5 0.05 0.07 34.5 63.6 1.9 1 0.3 5 5 0.06 0.081 50.7 47 2.3 1 0.2 5.2 5 0.05 0.06 52.5 43.1 4.4 0 39 81 17 3 59 71 91 69 231 30 155 83 268 6 32 1 16 23 3 22 55 5 21.56 0 0 0 19.97 12.57 23.76 18.2 21.86 96.37
2.98 2.41 30.27 12.54 76 542 500 488 1.88 5.99 8.23 4 4.22 31 4 26 4 92 143 51 69 212 5.4 6.1 0 122 0.2 1 2 0.5 2.1 2.1 9.1 4 12 24 1 1 2 7 0 0 0 0 0 0 1 3 3 12 30 60 21 1 3 7 0 0 0 0 0 0 1 3 3 0 0 0 2 2 6 6.1 0 0.6 27 5 1 11.5 6.8 0.68 9 1.7 20 0.3 10 58 0.09 0.06 56.07 42.76 0.17 6 0.6 6.3 12 0.06 0.07 67.36 32.59 0.05 6 0.5 7.6 5 0.18 0.02 71.62 28.2 0.18 2 0.3 8.1 5 0.37 0.03 73.39 26.09 0.52 2 0.2 8.1 5 0.46 0.02 77.15 22.73 0.12 1 45 33 36 55 224 43 75 154 272 54 72 135 262 5 1 0 1 2 0 6 3 1 27.83 18.81 0 0 19.42 8.88 26.83 13.42 9 77.55
2.72 3.62 9.21 2.54 85 332 200 200 0.87 3.89 6.3 2.5 3.81 55 4 25 2 77 115 38 60 175 70.4 11.8 0 121 0.37 4 1 4 2 2 2 3 9 15 1 1 3 5 0 0 0 0 0 0 0 0 0 18 42 54 55 1 3 5 0 0 0 0 0 0 0 0 0 0 0 0 0 0 5 5.2 0 1.2 25 3 1.1 6.6 1.6 0.06 5 4.1 9.4 0.6 38 31 0.06 0.03 77.39 30.15 2.46 5 0.5 5.8 12 0.03 0.01 71.14 28.48 0.38 1 0.4 6.7 8 0.03 0.01 79.12 20.55 0.33 1 0.3 6.8 6 0.03 0.01 77.59 22.04 0.37 1 0.2 7.1 5 0.03 0.01 67.38 32.38 0.24 0 43 69 54 36 118 136 88 115 339 110 102 134 346 16 12 5 28 16 0 44 28 5 6.55 0 6.55 0 18.61 16.7 14.14 9.31 9.25 68.02
4.28 4.44 12.99 2.93 62 335 288 308 1.79 4.81 8.54 2.71 5.83 78 5 35 1 78 107 29 54 161 14.4 16 0 172 0.35 0 4 0 3.3 5.6 8.8 5 8 8 3 2 3 6 0 0 0 0 1 2 0 0 0 12 30 48 26 1 2 5 0 0 0 1 1 1 0 0 0 0 0 0 0 0 5 6.8 0 0.9 9 14 0.9 21.7 5 1.22 21 4.3 28.9 0.5 17 41 0.06 0.12 80.43 19.51 0.6 2 0.7 7.8 5 0.22 0.03 89.31 10.29 0.4 5 0.6 8.1 5 0.24 0.01 86.62 12.98 0.4 5 0.4 7.9 5 0.45 0.01 89.67 9.6 0.73 5 0.3 7.9 7 0.56 0.01 89.71 9.8 0.49 0 91 95 99 31 264 121 97 112 330 117 92 180 389 1 3 0 7 5 0 8 8 0 14.65 13.69 11.68 0 26.25 31.87 47 53.49 26.87 185.49
2.81 2.94 13.8 4.7 75 261 208 225 1.48 4.64 6.05 2.4 3.65 55 7 43 9 76 130 54 57 187 14.9 13.6 2 145 0.61 3 0 3 4.7 6.7 15.2 5 8 16 3 2 3 7 0 2 2 0 0 0 0 0 1 12 18 48 22 2 3 6 0 0 0 0 0 1 0 0 0 0 0 0 0 1 5 5.8 0 1.2 46 3 0.8 6.3 1.9 0.14 17 3.3 9.2 0.6 26 76 0.1 0.03 53.48 45.46 1.06 5 1.4 6.5 22 0.04 0.02 56.59 44.2 1.21 5 0.4 7 18 0.05 0.01 57.35 42.32 0.33 5 0.3 7.7 7 0.16 0.01 65.14 33.4 1.46 5 0.2 8 8 0.14 0.01 67.63 29.17 3.2 1 121 146 126 99 197 152 88 148 387 127 107 175 409 6 72 82 10 0 7 16 77 82 6.55 11.54 8.13 0 8.89 13.57 13.34 8.9 8.4 53.09
3.7 4.84 3.14 0.65 54 203 222 224 0.83 3.25 8.13 3.15 4.99 47 8 40 3 79 115 36 68 183 14.4 16 0 482 0.43 3 3 1 2.4 3.6 6.2 2 5 11 0 1 2 4 0 0 0 0 1 4 0 1 1 12 30 42 23 1 2 4 0 0 0 0 0 0 1 1 1 0 0 0 0 0 2 8.1 0 1.4 12 5 1 37 3.4 0.33 16 10.9 41.8 0.5 4 9 0.09 0.1 68.1 28.25 3.65 2 1.2 8 7 0.13 0.08 65.72 33.38 0.9 2 1 8 5 0.17 0.04 62.68 37.09 0.23 2 0.9 8.1 5 0.18 0.02 75.65 23.1 0.34 2 0.8 7.8 5 0.21 0.03 66.69 30.35 2.96 2 104 134 101 77 245 135 64 148 347 105 97 172 374 13 3 0 2 0 0 14 3 0 9.97 9.46 0 0 25.04 48.13 100.02 34.05 21.74 228.98
3.02 4.8 3.55 0.74 65 214 195 205 0.86 2.45 6.73 2.61 4.12 47 8 40 3 79 115 36 68 183 14.4 16 0 482 0.43 0 0 0 2.4 3.6 6.2 2 5 11 0 1 2 4 0 0 0 0 1 4 0 1 1 12 30 42 23 1 2 4 0 0 0 0 0 0 1 1 1 0 0 0 0 0 6 7.9 0 1.7 30 4 1.1 37.2 4.7 0.51 8 7.9 43.6 0.5 3 7 0.11 0.12 79.32 19.73 0.95 6 1.3 7.8 5 0.13 0.08 55.04 43.14 1.82 9 1.1 8.2 5 0.23 0.07 56.52 43.19 0.29 9 1 8 5 0.36 0.06 75.27 23.67 1.06 2 0.8 8.2 21 0.55 0.02 75.79 21.17 3.04 2 104 133 103 81 245 135 64 148 347 107 94 170 371 2 2 0 0 0 0 2 2 0 0 4.44 0 0 39.65 41.66 74.52 29.55 13.17 198.55
4.88 3.86 10.85 2.81 78 323 311 335 2.13 6.79 10.89 4.39 6.5 45 5 34 1 91 121 30 62 183 5.1 10.1 0 288 0.09 3 1 3 0 0 0 5 5 5 0 1 1 5 0 3 3 0 0 1 0 0 0 18 12 36 30 0 0 3 1 1 2 0 0 0 0 0 0 0 0 0 0 0 2 7.8 0 1.1 10 8 1.3 26.2 4.6 0.34 15 5.7 32.5 0.5 5 6 0.11 0.16 79.5 19.9 0.6 2 1 8 7 0.15 0.07 73.66 26.18 0.16 8 0.4 8.3 5 0.22 0.02 68.38 30.68 0.94 8 0.4 8.4 5 0.35 0.01 88.09 11.32 0.59 8 0.2 8.4 5 0.62 0.01 90.87 8.38 0.75 1 70 64 90 12 757 110 97 89 295 115 71 167 352 35 9 0 22 12 0 57 21 0 4.8 9.8 0 0 73.33 63.35 34.89 25.92 22.29 219.78
6.02 4.62 10.04 2.18 101 462 403 428 1.84 7.98 12.9 5 7.9 38 5 45 1 84 125 41 51 176 65.6 9.5 0 114 0.54 3 1 3 1.1 1.1 4 2 2 5 0 0 0 1 1 4 8 0 0 0 1 1 1 6 6 12 93 0 0 1 0 0 0 0 0 0 0 0 0 1 1 1 0 0 5 5.3 0 0.8 55 5 1.4 6.6 2.9 0.05 5 2.3 11 0.5 24 86 0.06 0.05 48.85 40.56 10.59 5 0.4 5.9 33 0.04 0.04 49.99 45.06 4.95 5 0.4 6.7 25 0.03 0.02 65.96 31.92 2.12 5 0.2 6.9 16 0.03 0.02 69.68 27.94 3.38 5 1.5 7.6 19 0.08 0.01 54.5 35 10.5 1 67 64 49 0 124 110 149 104 363 114 164 153 430 5 7 0 1 0 0 7 0 0 8.13 0 19.64 0 37.67 22.38 17.92 9.3 9.39 96.66
5.84 4.61 7.9 1.71 56 499 470 594 0.95 6.71 11.71 4.21 7.51 70 5 30 5 66 105 39 56 161 30 16.3 0 145 0.11 2 2 1 2 2 2 4 4 4 2 0 0 0 0 0 0 0 3 8 0 0 0 12 12 12 2 1 1 1 0 0 0 1 1 1 0 0 0 0 0 0 0 0 5 5.4 0 0.9 20 5 1 9.7 3.6 0.49 12 2.7 14.8 1.5 24 45 0.1 0.1 81.61 18 0.39 5 1 6 8 0.06 0.05 88.02 11.06 0.92 5 0.4 8 5 0.19 0.05 87.37 12.31 0.32 8 0.3 8.3 8 0.37 0.02 87.29 11.62 1.09 8 0.2 8.3 8 0.45 0.01 87.91 10.67 1.42 1 22 30 31 42 189 92 73 138 303 83 73 126 282 0 0 0 0 0 0 0 0 0 6.55 22.63 7.03 0 61.95 20.78 27.7 23.23 18.23 151.88
7.05 4.39 5.11 1.17 116 445 462 464 1.53 10.43 18.59 8.83 9.76 47 5 42 1 77 133 56 64 197 16.2 18 3 175 0.24 1 0 1 3.2 3.2 16.3 6 6 18 0 0 0 5 1 4 4 0 0 0 1 1 1 6 6 36 50 0 0 3 0 0 1 0 0 1 0 0 0 1 1 1 0 0 5 5.4 0 2.6 23 8 2.4 11 2.1 0.05 18 5.2 15.6 0.5 42 29 0.15 0.07 51.52 33.4 15.28 5 1 5.7 7 0.12 0.07 52.29 32.46 15.25 5 0.4 7.4 5 0.16 0.05 51.38 39.39 9.23 8 0.3 7.3 6 0.11 0.01 67.85 25.9 6.25 5 0.1 7.2 5 0.07 0.01 66.66 24.49 8.85 1 85 103 87 49 348 185 118 187 489 167 134 224 525 54 2 0 3 3 0 56 5 0 8.13 0 19.64 0 34.79 90.99 82.95 21.57 8.56 238.85
5.08 3.38 11.31 3.34 89 443 356 322 1.94 7.6 10.64 4.12 6.52 48 4 48 1 79 125 46 59 184 56.6 0 0 141 0.11 5 0 5 0 0 0 3 8 11 1 1 2 3 1 3 3 0 0 0 0 0 0 6 12 18 35 1 2 3 0 0 0 0 0 0 0 0 0 0 0 0 0 0 2 5.5 0 1 34 4 0.8 14.3 6.2 0.59 15 2.3 21.9 0.5 28 45 0.06 0.06 73.18 26.56 0.26 2 0.8 6.7 30 0.09 0.04 92.3 7.59 0.11 2 0.6 8.1 6 0.17 0.01 83.34 16.35 0.31 5 0.6 8 15 0.21 0.01 88.3 11.02 0.68 2 0.2 8 16 0.25 0.01 88.48 10.42 1.1 2 88 115 91 92 798 188 84 115 386 161 107 115 382 22 0 0 5 6 0 27 6 0 0 8.13 0 0 22.83 27.21 42.46 77.45 9.59 179.54
4.1 4.14 8.01 1.94 75 519 450 399 2.02 8.01 10.67 5.01 5.66 57 5 48 1 73 125 52 59 184 56.6 0 0 269 0.19 4 2 2 0 0 0 0 0 8 0 0 0 4 1 4 5 0 0 0 0 0 0 12 12 36 40 0 0 3 0 0 0 0 0 1 0 0 0 0 0 0 0 0 2 6.7 0 1.7 67 4 1.8 31 5.7 0.17 10 5.4 38.7 0.8 27 24 0.13 0.13 74.16 25.08 0.76 2 1.3 6.8 45 0.1 0.09 67.15 32 0.85 2 0.7 6.6 38 0.07 0.05 64.95 33.16 1.89 5 0.5 7.6 35 0.09 0.03 61.42 37.8 0.78 5 0.2 7.9 44 0.1 0.02 62.28 35.22 2.5 0 87 117 89 65 468 179 108 166 452 148 135 190 473 4 3 0 12 3 0 16 6 0 0 6.55 9.28 0 56.11 54.64 76.75 49.16 23.13 259.78
3.41 4.67 8.33 1.78 68 362 254 252 1.6 4.25 7.15 2.64 4.51 58 8 32 10 78 110 32 63 173 6.7 7.4 4 148 0.55 4 1 4 1.2 1.8 3.5 6 12 25 0 1 2 5 0 0 0 0 0 0 1 2 3 12 36 72 24 1 2 5 0 0 0 0 0 0 1 2 2 0 0 0 1 2 4 7.8 0 0.7 15 3 1.1 18.9 3.9 0.55 10 4.8 24.5 0.5 13 34 0.04 0.07 54.48 44.88 0.64 4 0.5 7.9 5 0.12 0.02 71.98 27.58 0.44 6 0.4 8 5 0.18 0.01 68.8 30.58 1.62 2 0.2 8.3 5 0.34 0.01 75.65 23.05 1.3 8 0.1 8 5 1 0.01 72.9 26.62 0.48 1 91 99 97 67 164 78 72 105 255 69 75 135 278 102 20 0 0 0 0 102 20 0 12.25 28.32 22.38 0 10.54 19.26 17.11 8.81 9.09 64.82
0.82 2.57 18.03 7.01 90 124 110 127 0.52 1.22 1.86 0.68 1.18 51 5 50 1 85 125 40 59 184 5.4 6 0 110 0.21 1 0 1 0 0 0 2 11 20 2 2 4 6 0 0 0 0 0 2 0 0 0 12 36 60 32 2 3 5 0 0 0 0 1 1 0 0 0 0 0 0 0 0 5 7.3 0 0.9 18 3 1 16.8 6.9 0.89 8 2.4 25.6 2.5 14 18 0.06 0.07 79.81 19.67 0.72 5 0.6 8 5 0.15 0.05 78.36 21.46 0.18 5 0.4 8.1 5 0.25 0.02 86.57 12.15 1.34 5 0.2 8.4 5 0.58 0.01 84.17 13.61 2.12 8 0.1 8.3 5 0.9 0.001 85.48 13.37 1.25 0 25 61 84 95 120 117 68 150 335 81 45 138 264 0 0 0 0 0 0 0 0 0 6.55 11.68 8.33 0 6.53 4.65 9.28 9.17 8.89 38.52
3.23 3.53 9.5 2.7 48 258 232 198 2.18 5.07 7.08 2.71 4.37 57 6 45 16 80 128 48 57 185 9 10 3 113 0.26 5 1 5 0 0 8.3 0 0 8 0 0 0 3 1 4 6 0 0 0 0 0 0 0 0 18 63 0 0 3 0 0 0 0 0 0 0 0 0 0 0 0 0 0 5 5.6 0 1.6 13 4 0.8 8.1 3.4 0.12 11 2.4 12.5 0.5 26 46 0.12 0.04 51.84 43.78 4.38 5 1.1 6.7 7 0.07 0.05 62.55 33.55 3.9 5 0.3 7.5 5 0.07 0.03 58.91 39.94 2.25 5 0.2 8 5 0.16 0.01 59.53 37.47 3 5 0.2 8.2 5 0.2 0.01 62.96 34.3 2.74 1 34 77 37 43 131 149 104 131 384 107 144 124 375 8 5 0 2 2 0 10 6 0 17.46 6.55 0 0 10.28 37.93 13.49 9.17 8.94 79.81
5.08 3.79 2.83 0.75 83 513 408 368 1.84 8.06 12.02 5 7.02 47 8 15 10 71 122 51 61 183 5.8 1.8 1 187 0.1 3 0 3 0 3 5 2 7 7 0 0 2 3 0 0 0 1 2 6 0 0 0 12 24 30 6 0 2 3 0 0 0 0 0 0 0 0 0 0 0 0 0 0 5 5.7 0 1.3 8 1 1 5.1 0.8 0.05 20 6.4 7 0.5 15 15 0.1 0.04 60.15 38.54 0.91 5 0.8 6.4 5 0.11 0.05 62 37.35 0.65 5 0.3 7.4 5 0.09 0.01 61.2 38.22 0.58 1 0.2 7.1 6 0.06 0.02 77.5 32.65 0.85 1 0.2 7.1 9 0.05 0.01 64.96 32.54 2.5 1 36 62 21 10 345 139 83 102 324 112 124 114 349 24 7 0 5 2 0 30 9 0 6.55 4.44 0 0 14.06 105.6 81.99 28.41 13.94 244
5.72 4 7.8 1.95 43 444 408 357 1.71 7.71 13.63 6.31 7.31 47 6 30 15 79 125 46 55 180 0 0 1 137 0.29 6 2 3 0 3.7 3.7 3 3 3 0 1 2 2 0 0 0 0 0 0 0 0 0 18 0 0 8 1 2 2 0 0 0 0 0 0 0 0 0 0 0 0 0 0 6 7.5 0 0.7 38 7 1.5 28.5 7.8 0.95 15 3.6 38.8 0.5 3 10 0.03 0.11 80.01 19.91 0.08 6 0.5 7.8 25 0.13 0.02 72.02 26.54 0.48 4 0.4 8 21 0.15 0.02 73.7 26.07 0.23 4 0.4 8.1 18 0.23 0.01 81.91 17.5 0.59 4 0.3 8.3 15 0.38 0.01 82.95 16.42 0.63 0 162 171 126 60 552 170 76 81 327 161 121 147 429 0 0 0 0 0 0 0 0 0 0 26.99 0 4.44 20.66 43.45 52.86 28.75 12.73 158.45
3.44 2.9 10.68 3.68 57 386 306 296 1.49 5.03 7.6 2.96 4.64 49 7 26 5 77 115 38 59 174 0 0 3 85 0.3 2 0 2 1.6 10.2 18.5 5 11 11 0 1 3 6 0 0 0 0 0 0 1 2 4 12 30 60 28 1 3 6 0 0 0 0 0 0 1 2 4 0 0 0 0 0 5 6.2 0 0.9 52 2 1.6 10.6 1.8 0.05 9 5.9 14.1 0.9 18 29 0.05 0.03 60.77 38.74 0.49 5 0.5 6.5 41 0.05 0.03 57.81 42.13 0.06 5 0.5 6.9 15 0.04 0.03 71.02 28.89 0.09 5 0.3 8.1 14 0.1 0.02 62.48 36.62 0.9 5 0.3 8.5 21 0.13 0.01 69.7 29.12 1.18 1 38 60 11 58 128 147 24 227 398 125 73 179 377 55 17 0 11 5 0 66 23 0 10.47 12.38 4.44 0 9.08 32.46 28.31 9.65 9.8 89.3
2.72 4.42 5.15 1.16 106 265 258 230 1.21 4.42 6.29 2.62 3.67 45 7 45 10 85 118 33 65 183 12.6 14 2 196 0.33 5 1 5 0 0 0 3 3 3 0 0 0 2 1 4 7 0 0 0 0 0 0 12 12 24 53 0 0 2 0 0 0 0 0 0 0 0 0 0 0 0 0 0 2 4.8 0.1 1.2 10 1 0.2 2.9 2.2 0.28 19 1.3 5.7 0.5 12 40 0.06 0.03 56.06 39.44 4.6 2 0.6 5.6 5 0.05 0.02 58.07 39.48 2.45 5 0.4 7 5 0.18 0.01 66.56 31.81 1.63 5 0.2 7.6 6 0.54 0.01 70.53 27.51 1.96 5 0.1 7.4 5 0.61 0.01 71.3 26 2.7 0 43 65 53 54 130 172 81 100 353 150 94 99 342 117 107 0 2 56 0 119 163 0 0 0 4.44 0 10.75 13.62 8.93 8.99 8.8 51.09
1.91 2.51 19.66 7.82 54 249 240 232 0.85 3.41 3.57 1.04 2.52 84 3 40 5 78 105 27 49 154 6 13.1 0 269 0.18 4 1 4 0 1.1 7.7 1 6 13 0 0 1 3 10 0 0 1 1 2 0 0 0 12 42 78 29 0 1 3 0 0 0 0 0 0 0 0 0 0 0 0 0 0 5 5.1 0 1.2 12 5 0.8 3.9 3.4 0.31 8 1.2 8.5 0.5 16 85 0.05 0.03 56.29 30.23 13.48 5 0.9 6 5 0.05 0.05 55.34 29.18 15.48 5 0.4 6.1 5 0.09 0.02 68.09 24.15 7.76 5 0.6 5.2 5 0.14 0.02 71.91 22.22 5.87 5 0.3 4.4 5 0.22 0.02 74.41 22.32 4.27 0 100 124 60 93 568 162 59 114 335 138 123 80 341 0 4 0 0 1 0 0 5 0 8.33 6.8 0 0 6.05 6.55 8.47 8.43 8.27 37.77
5.17 4.54 8.09 1.78 78 383 399 363 2.47 7.02 11.95 5.06 6.89 44 6 50 1 85 124 39 68 192 9.9 11 0 256 0.2 2 2 1 0 0 5.6 0 0 0 0 0 0 4 2 5 6 0 0 0 0 0 0 0 0 24 73 0 0 3 0 0 1 0 0 0 0 0 0 0 0 0 0 0 5 4.9 0 1.5 12 2 0.8 3 0.7 0.05 27 4.6 4.6 0.5 28 52 0.1 0.04 64.1 34 1.9 5 0.9 5.5 5 0.07 0.03 71.95 25.6 2.45 5 0.2 7.2 5 0.08 0.02 74.28 23.9 1.82 5 0.2 7.4 5 0.07 0.01 72.18 25.62 2.2 5 0.1 7.7 5 0.09 0.01 72.36 24.64 3 1 70 67 73 27 353 170 107 166 443 172 101 211 485 1 0 0 16 8 0 17 9 0 0 0 16.11 0 18.49 71.17 66.37 23.66 23.89 203.58
4.99 4.71 7.5 1.59 44 587 490 401 2.89 9.02 11.84 5.4 6.44 30 12 30 4 92 135 43 49 184 0 0 0 517 0.12 0 12 0 1.9 7 12.9 0 12 24 0 1 2 3 0 0 0 0 0 0 0 1 3 18 42 84 13 1 2 3 0 0 0 0 0 0 0 0 0 0 1 1 0 2 2 6.6 0 1 43 7 1.7 24.2 5.8 1.2 21 4.2 33 1 9 13 0.09 0.18 77.87 22.87 0.36 2 0.7 7.6 16 0.19 0.05 66.66 32.99 0.35 2 0.6 8.2 12 0.25 0.04 82.06 17.71 0.23 2 0.4 8 12 0.28 0.02 91.06 8.83 0.11 2 0.3 8.2 16 0.78 0.01 88.84 10.82 0.34 3 98 136 89 45 786 203 79 90 372 164 126 134 425 0 0 0 0 0 0 0 0 0 0 12.11 9.28 0 82.96 33.76 54.37 65.54 83.56 320.2
5.54 4.63 6.97 1.51 40 658 511 466 3.03 10.28 12.99 5.81 7.18 29 12 30 4 92 135 43 49 184 0 0 0 516 0.14 0 12 0 1.9 7.6 15.3 0 11 29 0 1 2 4 0 0 0 0 0 0 0 1 3 18 42 78 13 1 2 4 0 0 0 0 0 0 0 0 0 0 1 1 0 2 2 6.8 0 1 41 9 2 29.6 6.4 0.89 19 4.6 38.9 0.5 7 14 0.08 0.14 77.66 22.16 0.18 2 0.8 7.6 24 0.18 0.05 66.66 32.99 0.35 2 0.5 8 15 0.24 0.03 69.54 30.14 0.32 2 0.5 7.9 18 0.28 0.02 84.35 15.38 0.27 5 0.3 8 18 0.29 0.01 92.52 7.25 0.23 3 108 128 90 33 786 198 82 89 368 178 119 146 443 1 0 0 3 0 0 4 0 0 0 9.28 15.68 0 62.63 41.84 57.36 58.01 39.89 259.72
3.57 4.93 3.9 0.79 83 318 247 235 1.78 5.23 8.31 3.55 4.76 57 3 44 2 79 111 32 68 179 11.2 10.2 0 143 0.29 3 1 3 3.4 5.2 5.2 6 9 9 0 1 2 2 0 0 0 0 1 6 1 1 1 12 30 30 93 0 1 1 1 1 1 0 0 0 1 1 1 0 0 0 0 0 5 5 0 1 12 4 0.5 2.4 0.5 0.05 5 4.8 3.5 0.5 22 37 0.03 0.03 58.18 37.14 4.68 5 0.6 5.3 5 0.05 0.03 55.12 40.54 4.24 5 0.3 6.8 5 0.06 0.01 66.36 28.61 5.03 10 0.2 7.7 5 0.09 0.01 65.35 26.22 8.43 10 0.1 7.8 5 0.11 0.01 58.07 39.28 2.65 1 49 44 51 46 168 148 184 120 451 153 176 125 454 0 0 14 7 6 3 7 7 17 12.38 0 17.95 0 18.27 47.16 36.21 13.38 8.74 123.77
3.54 3.53 11.94 3.38 68 302 237 241 1.13 6.05 7.31 2.71 4.61 51 7 35 1 82 120 38 67 187 4 8.8 0 172 0.41 3 0 3 1.7 1.7 4 6 10 22 0 1 2 7 0 1 1 0 0 0 1 2 2 12 24 54 63 1 1 4 0 0 2 0 1 1 1 1 1 0 0 0 0 0 2 7.8 0 1.3 14 4 0.9 29.9 3.9 0.44 23 7.7 35.2 0.5 4 7 0.08 0.14 67.52 31.28 1.2 2 0.9 7.9 7 0.2 0.05 56.82 42.57 0.61 2 0.8 8.1 5 0.29 0.02 62.93 36.64 0.43 8 0.5 8.1 5 1.02 0.01 74.14 24.14 1.72 8 0.4 8 5 1.26 0.01 80.53 17.82 1.65 1 88 116 49 100 215 117 73 149 339 89 140 98 326 0 0 0 138 20 0 138 20 0 4.44 20 0 0 31.95 38.29 46.19 8.63 8.71 133.78
4.01 4.61 8.77 1.9 48 307 314 276 1.51 5.79 10.18 4.66 5.52 57 5 50 1 75 123 48 71 194 13.9 12.7 1 119 0.48 0 1 0 2.9 2.9 12.9 3 3 8 0 0 0 4 0 3 4 0 0 0 1 1 1 18 18 42 38 0 0 4 0 0 0 0 0 0 0 0 0 1 1 1 0 0 5 5.2 0 1.5 18 3 1.4 6.6 1.2 0.05 5 5.5 9.3 1.5 49 29 0.12 0.04 59.68 33.36 6.96 5 1.2 5.7 7 0.04 0.06 58.31 28.07 13.62 5 0.6 8 5 0.09 0.04 60.06 29.5 10.44 5 0.3 7.8 5 0.09 0.03 60.28 30.3 9.42 5 0.2 7.7 7 0.05 0.02 72.46 23.82 3.72 1 36 62 41 38 74 109 102 220 431 82 123 223 428 14 9 0 1 1 0 14 10 0 4.44 6.55 4.44 0 28.55 30.25 23.21 9.23 9.02 100.26
3.34 4.25 7.85 1.85 84 276 240 199 2.12 5.32 7.22 2.7 4.52 46 4 43 1 85 121 36 68 189 4.5 9.9 0 242 0.1 3 0 3 0.7 1.9 5.7 0 3 9 0 1 2 4 0 0 0 0 2 5 0 0 0 18 24 36 73 0 0 2 1 2 2 0 0 0 0 0 0 0 0 0 0 0 5 5.4 0 1.2 16 2 1.1 6.5 1.1 0.05 25 5.9 8.8 0.5 17 16 0.09 0.05 65.01 34.48 0.51 5 0.8 5.7 6 0.05 0.04 71.68 28.06 0.26 1 0.3 6.4 7 0.03 0.01 69.14 30.66 0.2 1 0.3 7.5 7 0.11 0.02 75.99 23.76 0.25 1 0.2 7.5 7 0.09 0.01 52.57 45.43 2 2 26 24 53 33 250 83 96 135 313 84 67 155 306 2 3 0 45 25 0 47 28 0 15.79 9.28 17.26 0 20.12 32.79 22.71 13.39 8.85 97.87
4.22 5.09 1.06 0.21 57 334 342 246 2.73 7.41 9.37 3.72 5.66 48 11 40 3 80 115 35 61 176 12.6 14 0 111 0.31 3 0 3 0 2.6 2.6 0 0 0 0 0 1 4 2 4 4 0 0 1 0 0 0 0 6 36 40 0 0 3 0 0 0 0 1 1 0 0 0 0 0 0 0 0 2 4.7 0.08 1 15 1 0.5 3.5 1.4 0.05 22 2.5 5.5 0.5 30 30 0.05 0.03 46.79 51.96 1.25 5 0.7 5.2 7 0.05 0.04 70.06 29.69 0.25 5 0.4 5.3 5 0.03 0.01 57.53 41.24 1.23 5 0.2 5.5 5 0.05 0.01 61.36 38.81 0.83 1 0.2 5.8 6 0.07 0.01 68.98 30.41 0.61 1 64 61 64 46 205 128 72 142 341 131 69 159 359 56 0 0 13 7 0 68 8 0 17.95 6.8 19.64 0 19.63 46.11 22.32 13.32 8.94 110.33
3 3.27 9.94 3.04 52 220 197 196 0.83 4.7 6.34 2.37 3.97 57 5 30 1 83 123 40 55 178 32 10 1 120 0.87 2 2 1 1.8 1.8 1.8 2 2 2 2 2 2 2 0 0 0 0 3 8 0 0 0 12 12 12 32 2 2 2 0 0 0 0 0 0 0 0 0 0 0 0 0 0 2 7.8 0 0.8 5 15 0.9 23.1 5 0.58 5 4.6 29.6 0.5 4 18 0.06 0.15 65.48 34.05 0.47 2 0.6 7.9 5 0.11 0.04 64.56 34.57 0.87 2 0.5 8 5 0.16 0.03 63.78 36.02 0.2 2 0.3 8.2 5 0.5 0.01 80.07 19.03 0.9 8 0.3 8.4 5 0.5 0.01 81.48 17.85 0.67 3 91 115 106 104 105 127 73 138 338 103 82 140 324 1 0 0 97 27 0 98 27 0 4.44 32.52 0 0 14.9 21.39 29.59 17.66 18.14 101.68
4.72 4.37 11.03 2.52 59 351 316 368 1.16 5.36 9.46 3.36 6.1 71 5 33 5 85 122 37 50 172 4.2 3.8 1 130 0.46 2 2 1 0.8 0.8 0.8 1 5 7 1 1 2 4 0 0 0 0 0 0 1 3 6 12 30 60 17 0 1 3 0 0 0 0 0 0 1 2 3 0 0 0 1 4 2 6.1 0 1.1 13 4 0.9 10.5 5.3 0.31 5 2 17.1 0.5 8 27 0.09 0.04 56.07 42.76 0.17 5 0.7 7.8 5 0.14 0.05 67.36 32.59 0.05 6 0.5 7.8 5 0.14 0.04 71.62 28.2 0.18 6 0.2 8.3 5 0.2 0.01 73.39 26.09 0.52 5 0.2 8 5 0.32 0.01 77.15 22.73 0.12 0 127 115 89 56 274 125 81 125 331 136 107 157 401 0 0 0 0 0 0 0 0 0 0 31.95 0 0 6.13 18.44 44.66 20.97 13.11 103.31
